
===The generated matrix===

 42  68  35  1  70  25  79  59  63  65 

 6  46  82  28  62  92  96  43  28  37 

 92  5  3  54  93  83  22  17  19  96 

 48  27  72  39  70  13  68  100  36  95 

 4  12  23  34  74  65  42  12  54  69 

 48  45  63  58  38  60  24  42  30  79 

 17  36  91  43  89  7  41  43  65  49 

 47  6  91  30  71  51  7  2  94  49 

 30  24  85  55  57  41  67  77  32  9 

 45  40  27  24  38  39  19  83  30  42 



===The Dynamic Programming Method===

 42  110  145  146  216  241  320  379  442  507 

 48  94  176  174  236  328  416  422  450  487 

 140  99  102  156  249  332  354  371  390  486 

 188  126  174  195  265  278  346  446  426  521 

 192  138  161  195  269  334  376  388  442  511 

 240  183  224  253  291  351  375  417  447  526 

 257  219  310  296  380  358  399  442  507  556 

 304  225  316  326  397  409  406  408  502  551 

 334  249  334  381  438  450  473  485  517  526 

 379  289  316  340  378  417  436  519  547  568 


Minim value of Path is: 568 



===The Backtracking Programming Method===

 42 6 92 48 4 48 17 47 30 45 40 27 24 38 39 19 83 30 42--The cost value =721
 42 6 92 48 4 48 17 47 30 24 40 27 24 38 39 19 83 30 42--The cost value =700
 42 6 92 48 4 48 17 47 6 24 40 27 24 38 39 19 83 30 42--The cost value =676
 42 6 92 48 4 48 17 36 6 24 40 27 24 38 39 19 83 30 42--The cost value =665
 42 6 92 48 4 12 45 36 6 24 40 27 24 38 39 19 83 30 42--The cost value =657
 42 6 92 48 4 12 23 34 58 38 60 7 51 7 2 77 32 9 42--The cost value =644
 42 6 92 48 4 12 23 34 58 38 60 7 41 7 2 77 32 9 42--The cost value =634
 42 6 92 5 27 12 23 34 58 38 60 7 51 7 2 77 32 9 42--The cost value =624
 42 6 92 5 27 12 23 34 58 38 60 7 41 7 2 77 32 9 42--The cost value =614
 42 6 46 5 27 12 45 36 6 24 40 27 24 38 39 19 83 30 42--The cost value =591
 42 6 46 5 27 12 23 34 58 38 60 7 51 7 2 77 32 9 42--The cost value =578
 42 6 46 5 27 12 23 34 58 38 60 7 41 7 2 77 32 9 42--The cost value =568


===The best cost value [568] ===

